0.000000000000000000e+00 -0.000000000000000000e+00 0.000000000000000000e+00
0.000000000000000000e+00 -1.999962054697453917e-01 2.699870000000000048e-03
0.000000000000000000e+00 -3.999924109394907834e-01 1.080538999999999979e-02
0.000000000000000000e+00 -5.999886164092361751e-01 2.433437000000000100e-02
0.000000000000000000e+00 -7.999848218789815668e-01 4.338552999999999854e-02
0.000000000000000000e+00 -9.999810273487268475e-01 6.788387999999999367e-02
0.000000000000000000e+00 -1.199977232818472350e+00 9.794211999999999363e-02
0.000000000000000000e+00 -1.399973438288217631e+00 1.336363000000000134e-01
0.000000000000000000e+00 -1.599969643757963134e+00 1.749977000000000060e-01
0.000000000000000000e+00 -1.799965849227708414e+00 2.220704000000000011e-01
0.000000000000000000e+00 -1.999962054697453695e+00 2.749786000000000175e-01
0.000000000000000000e+00 -2.199958260167199420e+00 3.338703000000000087e-01
0.000000000000000000e+00 -2.399954465636944700e+00 3.987936999999999732e-01
0.000000000000000000e+00 -2.599950671106689981e+00 4.697857999999999756e-01
0.000000000000000000e+00 -2.799946876576435262e+00 5.470553000000000221e-01
0.000000000000000000e+00 -2.999943082046180542e+00 6.307209999999999761e-01
0.000000000000000000e+00 -3.199939287515926267e+00 7.208554000000000350e-01
0.000000000000000000e+00 -3.399935492985671548e+00 8.174772000000000149e-01
0.000000000000000000e+00 -3.599931698455416829e+00 9.207012999999999447e-01
0.000000000000000000e+00 -3.799927903925162109e+00 1.030566000000000093e+00
0.000000000000000000e+00 -3.999924109394907390e+00 1.147210999999999981e+00
0.000000000000000000e+00 -4.199920314864653115e+00 1.270820999999999978e+00
0.000000000000000000e+00 -4.399916520334398840e+00 1.401523000000000074e+00
0.000000000000000000e+00 -4.599912725804143676e+00 1.539544999999999941e+00
0.000000000000000000e+00 -4.799908931273889401e+00 1.685124999999999984e+00
0.000000000000000000e+00 -4.999905136743634237e+00 1.841682000000000041e+00
0.000000000000000000e+00 -5.199901342213379962e+00 2.002137999999999973e+00
0.000000000000000000e+00 -5.399897547683125687e+00 2.140512000000000192e+00
0.000000000000000000e+00 -5.599893753152870524e+00 2.301225000000000076e+00
0.000000000000000000e+00 -5.799889958622616248e+00 2.463794000000000040e+00
0.000000000000000000e+00 -5.999886164092361085e+00 2.624198999999999948e+00
