-2.990626830700000127e+00,5.579392719777443688e+01
-2.985940246000000187e+00,5.575377022075794287e+01
-2.981253661399999810e+00,5.571361324374144885e+01
-2.976567076599999861e+00,5.567345626672495484e+01
-2.971880492099999937e+00,5.563329928970846083e+01
-2.967193907399999997e+00,5.559314231269196682e+01
-2.962507322800000065e+00,5.555298533567547281e+01
-2.957820738100000124e+00,5.551282835865897880e+01
-2.953134153500000192e+00,5.547267138164248479e+01
-2.948447568799999807e+00,5.543251440462599078e+01
-2.943760984099999867e+00,5.539235742760951098e+01
-2.939074399499999934e+00,5.535508456843333391e+01
-2.934387814900000002e+00,5.532403235558093257e+01
-2.929701230200000062e+00,5.529298014273809514e+01
-2.925014645600000129e+00,5.526192792988570091e+01
-2.920328060900000189e+00,5.523709636335713924e+01
-2.915641476299999812e+00,5.521226479683332400e+01
-2.910954891499999864e+00,5.518743323030950165e+01
-2.906268306999999940e+00,5.516260166378571483e+01
-2.901581722299999999e+00,5.514399074358570374e+01
-2.896895137700000067e+00,5.512537982338570686e+01
-2.892208553000000126e+00,5.511298954951428186e+01
-2.887521968400000194e+00,5.510059927563807491e+01
-2.882835383699999809e+00,5.508820900176188218e+01
-2.878148798999999869e+00,5.508203937421427554e+01
-2.873462214399999937e+00,5.507586974666664759e+01
-2.868775629800000004e+00,5.506970011911425900e+01
-2.864089045100000064e+00,5.506353049156189883e+01
-2.859402460500000132e+00,5.506358151033807502e+01
-2.854715875800000191e+00,5.506363252911426542e+01
-2.850029291199999815e+00,5.506368354788570940e+01
-2.845342706399999866e+00,5.506373456666188559e+01
-2.840656121899999942e+00,5.506378558543806889e+01
-2.835969537200000001e+00,5.506383660421428061e+01
-2.831282952500000061e+00,5.506388762298569617e+01
-2.826596367900000129e+00,5.506393864176188657e+01
-2.821909783200000188e+00,5.506398966053809119e+01
-2.817223198599999812e+00,5.506404067931426738e+01
-2.812536613799999863e+00,5.506409169808569004e+01
-2.807850029299999939e+00,5.506414271686190176e+01
-2.803163444599999998e+00,5.506419373563807795e+01
-2.798476860000000066e+00,5.506424475441426836e+01
-2.793790275300000125e+00,5.506429577318571233e+01
-2.789103690700000193e+00,5.506434679196188853e+01
-2.784417105999999809e+00,5.506439781073807183e+01
-2.779730521299999868e+00,5.506444882951428355e+01
-2.775043936699999936e+00,5.506449984828093847e+01
-2.770357352100000004e+00,5.506455086705712176e+01
-2.765670767400000063e+00,5.506460188583333348e+01
-2.760984182800000131e+00,5.506465290460950968e+01
-2.756297598100000190e+00,5.506470392338093234e+01
-2.751611013499999814e+00,5.506475494215714406e+01
-2.746924428699999865e+00,5.506480596093332025e+01
-2.742237844199999941e+00,5.506485697970950355e+01
-2.737551259500000000e+00,5.506490799848094753e+01
-2.732864674900000068e+00,5.505873837093331957e+01
-2.728178090200000128e+00,5.505256874338569162e+01
-2.723491505600000195e+00,5.504017846950952020e+01
-2.718804920899999811e+00,5.502156754930475557e+01
-2.714118336199999870e+00,5.500295662909998384e+01
-2.709431751599999938e+00,5.497812506257617571e+01
-2.704745167000000006e+00,5.495329349604760694e+01
-2.700058582300000065e+00,5.492224128319521981e+01
-2.695371997700000133e+00,5.489118907034761463e+01
-2.690685413000000192e+00,5.485391621117141625e+01
-2.685998828399999816e+00,5.481042270567142793e+01
-2.681312243599999867e+00,5.476692920016665767e+01
-2.676625659099999943e+00,5.472343569467142288e+01
-2.671939074400000003e+00,5.467372154284760910e+01
-2.667252489700000062e+00,5.462400739101903469e+01
-2.662565905100000130e+00,5.456807259286665612e+01
-2.657879320400000189e+00,5.450591471891904405e+01
-2.653192735799999813e+00,5.443753376918571263e+01
-2.648506150999999864e+00,5.436915281945236700e+01
-2.643819566499999940e+00,5.430699251604285394e+01
-2.639132981800000000e+00,5.424483221263808019e+01
-2.634446397200000067e+00,5.419511320187618963e+01
-2.629759812500000127e+00,5.415161483744284254e+01
-2.625073227900000195e+00,5.411433711933332091e+01
-2.620386643199999810e+00,5.408950069387617532e+01
-2.615700058499999869e+00,5.406466426842379747e+01
-2.615700058499999869e+00,5.405226913561427438e+01
-2.615700058499999869e+00,5.404609464913332317e+01
-2.611013473899999937e+00,5.404614080897617612e+01
-2.606326889300000005e+00,5.403996632249523202e+01
-2.601640304600000064e+00,5.404001248233808496e+01
-2.596953720000000132e+00,5.404005864218093791e+01
-2.592267135300000191e+00,5.403388415569998671e+01
-2.587580550699999815e+00,5.402770966921902840e+01
-2.582893965899999866e+00,5.402153518273331656e+01
-2.578207381399999942e+00,5.401536069625237246e+01
-2.573520796700000002e+00,5.400918620977140705e+01
-2.568834212100000070e+00,5.400301415276189232e+01
-2.564147627400000129e+00,5.400306517153808983e+01
-2.559461042800000197e+00,5.399689554398570124e+01
-2.554774458099999812e+00,5.398450527010950850e+01
-2.550087873399999872e+00,5.396589434990953293e+01
-2.545401288799999939e+00,5.394106278338570348e+01
-2.540714704200000007e+00,5.390378749474285769e+01
-2.536028119500000066e+00,5.386029155977617222e+01
-2.531341534900000134e+00,5.381057497848570392e+01
-2.526654950200000194e+00,5.376085839719520720e+01
-2.521968365599999817e+00,5.370492116958094186e+01
-2.517281780799999868e+00,5.364276329563808332e+01
-2.512595196299999945e+00,5.358060542169521767e+01
-2.507908611600000004e+00,5.352466819407618459e+01
-2.503222026900000063e+00,5.346873096646188372e+01
-2.498535442300000131e+00,5.341901438516665479e+01
-2.498535442300000131e+00,5.337551845019999064e+01
-2.493848857600000191e+00,5.333202251523332649e+01
-2.489162272999999814e+00,5.329474722659522712e+01
-2.484475688199999865e+00,5.325747193795236711e+01
-2.479789103699999941e+00,5.322641729563331126e+01
-2.475102519000000001e+00,5.320158329964284860e+01
-2.470415934400000069e+00,5.317674930365236463e+01
-2.465729349700000128e+00,5.315813595398571323e+01
-2.461042765100000196e+00,5.313952260431427987e+01
-2.456356180399999811e+00,5.312712990097140420e+01
-2.451669595699999871e+00,5.311473719763331758e+01
-2.446983011099999938e+00,5.310856757008095030e+01
-2.442296426500000006e+00,5.310861858885712650e+01
-2.437609841800000066e+00,5.310866960763332401e+01
-2.432923257200000133e+00,5.310872062640952151e+01
-2.428236672500000193e+00,5.310877164518092997e+01
-2.423550087899999816e+00,5.310882266395712747e+01
-2.418863503099999868e+00,5.310887368273333209e+01
-2.414176918599999944e+00,5.310892470150950118e+01
-2.409490333900000003e+00,5.310897572028093805e+01
-2.404803749300000071e+00,5.310902673905713556e+01
-2.400117164600000130e+00,5.310907775783331175e+01
-2.395430580000000198e+00,5.310912877660950926e+01
-2.390743995299999813e+00,5.310917979538094613e+01
-2.386057410599999873e+00,5.310923081415712943e+01
-2.381370825999999941e+00,5.310928183293333404e+01
-2.376684241400000008e+00,5.310933285170951734e+01
-2.371997656700000068e+00,5.310938387048093290e+01
-2.367311072100000136e+00,5.310943488925712330e+01
-2.362624487400000195e+00,5.310948590803808855e+01
-2.357937902799999819e+00,5.310953692681426475e+01
-2.353251317999999870e+00,5.310958794558568741e+01
-2.348564733499999946e+00,5.310963896436189913e+01
-2.343878148800000005e+00,5.310968998313807532e+01
-2.339191564100000065e+00,5.310974100191426572e+01
-2.334504979500000132e+00,5.310979202068570970e+01
-2.329818394800000192e+00,5.310984303946188589e+01
-2.325131810199999816e+00,5.310989405823806919e+01
-2.320445225399999867e+00,5.310994507701428091e+01
-2.315758640899999943e+00,5.310999609578569647e+01
-2.311072056200000002e+00,5.311004711456188687e+01
-2.306385471600000070e+00,5.311009813333809149e+01
-2.301698886900000129e+00,5.311014915211426768e+01
-2.297012302300000197e+00,5.311020017088569034e+01
-2.292325717599999813e+00,5.311025118966190206e+01
-2.287639132899999872e+00,5.311030220843807825e+01
-2.282952548299999940e+00,5.311035322721426866e+01
-2.278265963700000007e+00,5.311040424598571263e+01
-2.273579379000000067e+00,5.311045526476188883e+01
-2.268892794400000135e+00,5.311672692986188338e+01
-2.264206209700000194e+00,5.312299859496189924e+01
-2.259519625099999818e+00,5.312927026006189379e+01
-2.254833040299999869e+00,5.313554192516188834e+01
-2.250146455799999945e+00,5.314181359026189710e+01
-2.245459871100000004e+00,5.314808525536189165e+01
-2.240773286500000072e+00,5.315435692046187910e+01
-2.236086701800000132e+00,5.316062858556189497e+01
-2.231400117200000199e+00,5.316690025066189662e+01
-2.226713532499999815e+00,5.317317191576189117e+01
-2.222026947799999874e+00,5.318566422718571118e+01
-2.217340363199999942e+00,5.319815653861428473e+01
-2.212653778600000010e+00,5.321064885003807632e+01
-2.207967193900000069e+00,5.322314116146188923e+01
-2.203280609300000137e+00,5.323563347288570924e+01
-2.198594024600000196e+00,5.324812578431427568e+01
-2.193907439999999820e+00,5.326061809573807437e+01
-2.189220855199999871e+00,5.327311040716189439e+01
-2.184534270699999947e+00,5.329182336490951855e+01
-2.179847686000000007e+00,5.331053632266188913e+01
-2.175161101300000066e+00,5.332924928041427393e+01
-2.170474516700000134e+00,5.334174159183809394e+01
-2.165787932000000193e+00,5.335423390326189264e+01
-2.161101347399999817e+00,5.337294443154284096e+01
-2.156414762599999868e+00,5.339787317669046729e+01
-2.151728178099999944e+00,5.342280192183333298e+01
-2.147041593400000004e+00,5.344773066697617736e+01
-2.142355008800000071e+00,5.347265941211427531e+01
-2.137668424100000131e+00,5.350380880358571289e+01
-2.132981839500000198e+00,5.353495819505712916e+01
-2.128295254799999814e+00,5.356610758652379900e+01
-2.123608670199999882e+00,5.359103633166665759e+01
-2.118922085499999941e+00,5.361596507680950907e+01
-2.118922085499999941e+00,5.364711446828093244e+01
-2.118922085499999941e+00,5.367826385975238423e+01
-2.114235500900000009e+00,5.370941325121903986e+01
-2.109548916200000068e+00,5.374056264268570260e+01
-2.104862331600000136e+00,5.377793268048095143e+01
-2.100175746900000195e+00,5.381530271827617184e+01
-2.095489162299999819e+00,5.384645210974760232e+01
-2.090802577599999879e+00,5.387760150121904701e+01
-2.086115992999999946e+00,5.390253024636189849e+01
-2.081429408300000006e+00,5.392745899150951061e+01
-2.076742823700000073e+00,5.395238773665236920e+01
-2.072056239000000133e+00,5.396487761861428112e+01
-2.067369654400000201e+00,5.397114928371427567e+01
-2.062683069699999816e+00,5.397742094881427022e+01
-2.057996485099999884e+00,5.397747196758570709e+01
-2.053309900399999943e+00,5.397752298636665103e+01
-2.048623315800000011e+00,5.397135335881426954e+01
-2.043936731100000070e+00,5.395896308493331617e+01
-2.039250146500000138e+00,5.394657281106189828e+01
-2.034563561800000198e+00,5.393418253718093780e+01
-2.029876977199999821e+00,5.391557161698094802e+01
-2.025190392499999881e+00,5.389074005045712568e+01
-2.020503807899999948e+00,5.386590848392380337e+01
-2.015817223200000008e+00,5.383485627107617688e+01
-2.011130638500000067e+00,5.380380405822855039e+01
-2.006444053900000135e+00,5.376653119905237332e+01
-2.001757469200000195e+00,5.372303769355235659e+01
-1.997070884600000040e+00,5.367954418804761474e+01
-1.992384299800000091e+00,5.363605068254284447e+01
-1.987697715299999945e+00,5.359255717704284194e+01
-1.983011130600000005e+00,5.354906367153807878e+01
-1.978324546000000073e+00,5.350557016603808336e+01
-1.973637961299999910e+00,5.346829730686188498e+01
-1.968951376699999978e+00,5.343102444768570081e+01
-1.964264792000000037e+00,5.339375158850950953e+01
-1.959578207300000097e+00,5.336269937566189725e+01
-1.954891622699999942e+00,5.333164716280951012e+01
-1.950205038100000010e+00,5.330059494995711589e+01
-1.945518453400000070e+00,5.327576338343332907e+01
-1.940831868799999915e+00,5.325093181690474609e+01
-1.936145284099999975e+00,5.322610025038569148e+01
-1.931458699500000042e+00,5.320748933018570881e+01
-1.926772114700000094e+00,5.318887840998092997e+01
-1.922085530199999948e+00,5.317026748978570794e+01
-1.917398945500000007e+00,5.315787721590951520e+01
-1.912712360900000075e+00,5.314548694203330825e+01
-1.908025776199999912e+00,5.313309666815713683e+01
-1.903339191599999980e+00,5.312692704060474824e+01
-1.898652606900000039e+00,5.312075741305712739e+01
-1.893966022200000099e+00,5.311458778550952786e+01
-1.889279437599999945e+00,5.311463880428093631e+01
-1.884592853000000012e+00,5.310846917672854772e+01
-1.879906268300000072e+00,5.309607647339047531e+01
-1.875219683699999917e+00,5.307746312372379549e+01
-1.870533098999999977e+00,5.305262912772856509e+01
-1.865846514400000045e+00,5.302157205594761535e+01
-1.861159929600000096e+00,5.298429433784284726e+01
-1.856473344999999942e+00,5.294079354394284564e+01
-1.851786760400000009e+00,5.289107210372380763e+01
-1.847100175700000069e+00,5.284135066350475540e+01
-1.842413591099999914e+00,5.279162922328093543e+01
-1.837727006399999974e+00,5.274190778305712968e+01
-1.837727006399999974e+00,5.269218634283332392e+01
-1.833040421800000042e+00,5.264246490261427169e+01
-1.828353837000000093e+00,5.259274346239045173e+01
-1.828353837000000093e+00,5.254302202216666018e+01
-1.823667252499999947e+00,5.249330058194285442e+01
-1.823667252499999947e+00,5.244357914172380219e+01
-1.818980667800000006e+00,5.239385770149998933e+01
-1.814294083200000074e+00,5.234413626127618357e+01
-1.809607498499999911e+00,5.229441482105237782e+01
-1.804920913899999979e+00,5.224469338083332559e+01
-1.800234329200000039e+00,5.220119258693807751e+01
-1.795547744500000098e+00,5.216391486882856299e+01
-1.790861159899999944e+00,5.213285779704760614e+01
-1.786174575300000011e+00,5.210802137159522118e+01
-1.781487990600000071e+00,5.208940802192856978e+01
-1.776801405999999917e+00,5.207701531858570121e+01
-1.772114821299999976e+00,5.207084569103807326e+01
-1.767428236700000044e+00,5.207089670981427787e+01
-1.762741651900000095e+00,5.206472708226188928e+01
-1.758055067399999949e+00,5.205855745471426133e+01
-1.753368482700000008e+00,5.205238782716666179e+01
-1.748681898100000076e+00,5.204621819961426610e+01
-1.743995313399999914e+00,5.204004857206188461e+01
-1.739308728799999981e+00,5.203387894451428508e+01
-1.734622144100000041e+00,5.202148867063807103e+01
-1.729935559400000100e+00,5.200909839676188540e+01
-1.725248974799999946e+00,5.199670812288570687e+01
-1.720562390200000014e+00,5.198431784901426767e+01
-1.715875805500000073e+00,5.197192757513809624e+01
-1.711189220899999919e+00,5.195331665493807805e+01
-1.706502636199999978e+00,5.193470573473331342e+01
-1.701816051600000046e+00,5.191609481453332364e+01
-1.697129466800000097e+00,5.189748389433331255e+01
-1.692442882199999943e+00,5.187887297413332988e+01
-1.687756297600000011e+00,5.185404140760475400e+01
-1.683069712900000070e+00,5.182920984108093165e+01
-1.678383128299999916e+00,5.180437827455713773e+01
-1.673696543599999975e+00,5.177954670802855475e+01
-1.669009959000000043e+00,5.175471514150000019e+01
-1.664323374200000094e+00,5.173610422129998909e+01
-1.659636789699999948e+00,5.171749330109999221e+01
-1.654950205000000008e+00,5.169888238089047405e+01
-1.650263620400000075e+00,5.167405081436664460e+01
-1.645577035699999913e+00,5.164921924784285068e+01
-1.640890451099999980e+00,5.162438768131427480e+01
-1.636203866400000040e+00,5.160577676111427081e+01
-1.631517281700000099e+00,5.158716584091428103e+01
-1.626830697099999945e+00,5.156855492071426994e+01
-1.622144112500000013e+00,5.154994400050951242e+01
-1.617457527800000072e+00,5.153133308030952264e+01
-1.612770943199999918e+00,5.151894280643330859e+01
-1.608084358499999977e+00,5.150655253256189781e+01
-1.603397773900000045e+00,5.149416225868570507e+01
-1.598711189100000096e+00,5.148177198480949812e+01
-1.594024604599999950e+00,5.146938171093331960e+01
-1.589338019900000010e+00,5.146321208338093811e+01
-1.584651435300000077e+00,5.145704245582857084e+01
-1.579964850599999915e+00,5.145087282827618225e+01
-1.575278265999999983e+00,5.144470320072855429e+01
-1.570591681300000042e+00,5.144475421949999827e+01
-1.565905096600000102e+00,5.144480523827618867e+01
-1.561218511999999947e+00,5.144485625704284359e+01
-1.556531927400000015e+00,5.144490727582380174e+01
-1.551845342700000074e+00,5.145739958724760754e+01
-1.547158758099999920e+00,5.146989189867141334e+01
-1.542472173399999980e+00,5.148238421009523336e+01
-1.537785588800000047e+00,5.149487652151904626e+01
-1.533099004000000098e+00,5.150114818661904081e+01
-1.528412419399999944e+00,5.150741985171902826e+01
-1.523725834800000012e+00,5.151369151681902991e+01
-1.519039250100000071e+00,5.151996318191427804e+01
-1.514352665499999917e+00,5.152001420069046844e+01
-1.509666080799999976e+00,5.152006521946189110e+01
-1.504979496200000044e+00,5.152011623823807440e+01
-1.500292911400000095e+00,5.152016725701427902e+01
-1.495606326899999949e+00,5.151399762946189043e+01
-1.490919742200000009e+00,5.150782800191429089e+01
-1.486233157600000077e+00,5.150165837436666294e+01
-1.481546572899999914e+00,5.149548874681903499e+01
-1.476859988299999982e+00,5.148309847294285646e+01
-1.472173403600000041e+00,5.146448755274759890e+01
-1.467486818900000101e+00,5.144587663254284848e+01
-1.462800234299999946e+00,5.142726571234761224e+01
-1.458113649700000014e+00,5.140865479214760825e+01
-1.453427065000000074e+00,5.138382322562380011e+01
-1.448740480399999919e+00,5.135899165909522424e+01
-1.444053895699999979e+00,5.133416009257142321e+01
-1.439367311100000046e+00,5.130932852604760797e+01
-1.434680726300000098e+00,5.129071760584761108e+01
-1.429994141799999952e+00,5.126588603931903521e+01
-1.425307557100000011e+00,5.123483139700473998e+01
-1.420620972500000079e+00,5.119755610836666193e+01
-1.415934387799999916e+00,5.116650146604760607e+01
-1.411247803199999984e+00,5.113544682373331796e+01
-1.406561218500000043e+00,5.110439218141904405e+01
-1.401874633899999889e+00,5.107333753909998819e+01
-1.397188049199999949e+00,5.104850354310951843e+01
-1.392501464600000016e+00,5.101744890079523742e+01
-1.387814879900000076e+00,5.098639425847618156e+01
-1.383128295299999921e+00,5.095533961615712570e+01
-1.383128295299999921e+00,5.093050562016666305e+01
-1.378441710599999981e+00,5.090567162417617908e+01
-1.373755126000000049e+00,5.088083762818094158e+01
-1.369068541200000100e+00,5.085600363219047182e+01
-1.364381956599999945e+00,5.083116963619999495e+01
-1.359695372000000013e+00,5.080633564020951809e+01
-1.355008787300000073e+00,5.078150164421904122e+01
-1.350322202699999918e+00,5.075044700189998537e+01
-1.345635617999999978e+00,5.071939235958570436e+01
-1.340949033400000046e+00,5.068833771726666271e+01
-1.336262448600000097e+00,5.066350372127617163e+01
-1.331575864099999951e+00,5.064489280107618185e+01
-1.326889279400000010e+00,5.063250252720474975e+01
-1.322202694800000078e+00,5.062011225332854991e+01
-1.317516110099999915e+00,5.060772197945237139e+01
-1.312829525499999983e+00,5.059533170557617865e+01
-1.308142940800000043e+00,5.057671835590951304e+01
-1.303456356100000102e+00,5.055188435991904328e+01
-1.298769771499999948e+00,5.053327101025236345e+01
-1.294083186900000015e+00,5.050843701426189369e+01
-1.289396602200000075e+00,5.048360301827142393e+01
-1.284710017599999921e+00,5.045876902228093996e+01
-1.280023432899999980e+00,5.043393502628570957e+01
-1.275336848300000048e+00,5.040910103029998623e+01
-1.270650263500000099e+00,5.039048768063332062e+01
-1.265963678999999953e+00,5.037187433096664790e+01
-1.265963678999999953e+00,5.035948162762380775e+01
-1.261277094300000012e+00,5.034708892428569271e+01
-1.256590509700000080e+00,5.034713508413332050e+01
-1.251903924999999917e+00,5.034718124397141992e+01
-1.247217340399999985e+00,5.034722740381427997e+01
-1.242530755700000045e+00,5.035349420998569769e+01
-1.237844171099999890e+00,5.035976101615237610e+01
-1.233157586399999950e+00,5.037224846864285155e+01
-1.228471001800000018e+00,5.038473592113808053e+01
-1.223784417100000077e+00,5.040344401995712786e+01
-1.219097832499999923e+00,5.042215211877142877e+01
-1.214411247799999982e+00,5.044708329338570962e+01
-1.214411247799999982e+00,5.048445333118093714e+01
-1.209724663200000050e+00,5.052182336897617176e+01
-1.205038078400000101e+00,5.057163469942380374e+01
-1.200351493799999947e+00,5.062144602986666797e+01
-1.195664909200000015e+00,5.067747800663332214e+01
-1.190978324500000074e+00,5.073350998340474405e+01
-1.186291739899999920e+00,5.078954196017618017e+01
-1.181605155199999979e+00,5.084557393694761629e+01
-1.176918570600000047e+00,5.090160591371903820e+01
-1.172231985800000098e+00,5.094519659783808407e+01
-1.172231985800000098e+00,5.098878728195712995e+01
-1.167545401299999952e+00,5.101993667342856043e+01
-1.162858816600000011e+00,5.105108606489999090e+01
-1.158172232000000079e+00,5.108223545637141427e+01
-1.153485647299999917e+00,5.110716420151426576e+01
-1.148799062699999984e+00,5.113209294666189919e+01
-1.144112478000000044e+00,5.115080104548094653e+01
-1.139425893399999890e+00,5.116950914429998676e+01
-1.134739308699999949e+00,5.118199659679522284e+01
-1.130052724100000017e+00,5.119448404929522667e+01
-1.125366139400000076e+00,5.120075085546190508e+01
-1.125366139400000076e+00,5.120079944477141964e+01
-1.120679554799999922e+00,5.119462738775236232e+01
-1.115992970099999981e+00,5.118223468440950796e+01
-1.111306385500000049e+00,5.116984198107142134e+01
-1.106619800700000100e+00,5.115122863140951637e+01
-1.101933216199999954e+00,5.113261528174283654e+01
-1.097246631500000014e+00,5.111400193207617804e+01
-1.092560046900000081e+00,5.108916793608570117e+01
-1.087873462199999919e+00,5.106433394008568882e+01
-1.083186877599999987e+00,5.105194123674760931e+01
-1.078500292900000046e+00,5.103954853340474784e+01
-1.073813708299999892e+00,5.103337890585237346e+01
-1.069127123599999951e+00,5.102720927830474551e+01
-1.064440539000000019e+00,5.102103965075712466e+01
-1.059753954300000078e+00,5.101487002320475028e+01
-1.055067369699999924e+00,5.100870039565236880e+01
-1.050380784999999983e+00,5.100253076810474795e+01
-1.045694200400000051e+00,5.099636114055714131e+01
-1.041007615600000102e+00,5.099019151300474562e+01
-1.036321030999999948e+00,5.098402188545236413e+01
-1.031634446400000016e+00,5.097785225789999686e+01
-1.026947861700000075e+00,5.096545955455713539e+01
-1.022261277099999921e+00,5.095306442175236583e+01
-1.017574692399999980e+00,5.093444621315714471e+01
-1.012888107800000048e+00,5.090960492876666166e+01
-1.008201523100000108e+00,5.087854299805236735e+01
-1.003514938499999953e+00,5.084748106734285500e+01
-9.988283538000000128e-01,5.081019849030475655e+01
-9.941417691999999695e-01,5.077291591326665809e+01
-9.894551845000000290e-01,5.073563333623808802e+01
-9.847685998999999857e-01,5.069835075919999667e+01
-9.847685998999999857e-01,5.066728882849047011e+01
-9.847685998999999857e-01,5.063622689777617580e+01
-9.847685998999999857e-01,5.060516496706189571e+01
-9.847685998999999857e-01,5.057410303634760851e+01
-9.800820152000000451e-01,5.054304110563808905e+01
-9.753954306000000019e-01,5.051197917492380185e+01
-9.707088458999999503e-01,5.048091724420950044e+01
-9.660222613000000180e-01,5.044363466717141620e+01
-9.613356765999999665e-01,5.040635209013333196e+01
-9.566490920000000342e-01,5.036906951309522640e+01
-9.519625072999999826e-01,5.033800758238569983e+01
-9.472759227000000504e-01,5.031316872746666036e+01
-9.425893378999999905e-01,5.029455294833332601e+01
-9.379027533999999555e-01,5.028216024499047165e+01
-9.332161687000000150e-01,5.027599061744284370e+01
-9.285295840999999717e-01,5.027604163621903410e+01
-9.238429994000000312e-01,5.027609265499045677e+01
-9.191564147999999879e-01,5.027614367376666848e+01
-9.144698301000000473e-01,5.027619469253809115e+01
-9.097832455000000040e-01,5.027624571130951381e+01
-9.050966607999999525e-01,5.027007608375713943e+01
-9.004100762000000202e-01,5.025768580988093959e+01
-8.957234914999999686e-01,5.024529553600474685e+01
-8.910369069000000364e-01,5.023290526212856832e+01
-8.863503221999999848e-01,5.022051498825237559e+01
-8.816637376000000526e-01,5.020812471437618285e+01
-8.769771529000000010e-01,5.019573444049999011e+01
-8.722905681999999494e-01,5.018334416662379027e+01
-8.676039836000000172e-01,5.017717453907142300e+01
-8.629173988999999656e-01,5.017100491152380215e+01
-8.582308143000000333e-01,5.016483528397141356e+01
-8.535442295999999818e-01,5.015866565641903918e+01
-8.488576450000000495e-01,5.015249602886665059e+01
-8.441710601999999897e-01,5.014632640131902974e+01
-8.394844756999999547e-01,5.014015677376666247e+01
-8.347978910000000141e-01,5.013398714621427388e+01
-8.301113063999999708e-01,5.012781751866188529e+01
-8.254247217000000303e-01,5.012164789111427865e+01
-8.207381370999999870e-01,5.012169890988570131e+01
-8.160515524000000465e-01,5.012174992866189172e+01
-8.113649678000000032e-01,5.012180094743809633e+01
-8.066783830999999516e-01,5.012185196621427252e+01
-8.019917985000000193e-01,5.012190298498570229e+01
-7.973052137999999678e-01,5.012195400376190690e+01
-7.926186292000000355e-01,5.012200502253808310e+01
-7.879320444999999840e-01,5.012205604131427350e+01
-7.832454599000000517e-01,5.012210706008570327e+01
-7.785588752000000001e-01,5.012215807886189367e+01
-7.738722905999999568e-01,5.012220909763808407e+01
-7.691857059000000163e-01,5.012226011641428158e+01
-7.644991212999999730e-01,5.012231113518570425e+01
-7.598125366000000325e-01,5.012236215396188044e+01
-7.551259519999999892e-01,5.012241317273809926e+01
-7.504393673000000486e-01,5.012246419151427546e+01
-7.457527827000000054e-01,5.012251521028569812e+01
-7.410661979999999538e-01,5.012256622906190273e+01
-7.363796134000000215e-01,5.012261724783808603e+01
-7.316930286999999700e-01,5.012266826661427643e+01
-7.270064441000000377e-01,5.012271928538570620e+01
-7.223198593999999861e-01,5.012277030416189660e+01
-7.176332748000000539e-01,5.012282132293807990e+01
-7.129466901000000023e-01,5.012287234171427741e+01
-7.082601053999999507e-01,5.012292336048570718e+01
-7.035735208000000185e-01,5.012297437926188337e+01
-6.988869360999999669e-01,5.012302539803809509e+01
-6.942003515000000347e-01,5.012307641681427839e+01
-6.895137667999999831e-01,5.012312743558568684e+01
-6.848271822000000508e-01,5.012317845436189145e+01
-6.801405973999999910e-01,5.012322947313808896e+01
-6.754540128999999560e-01,5.012328049191427226e+01
-6.707674282000000154e-01,5.012333151068570203e+01
-6.660808435999999721e-01,5.012338252946189954e+01
-6.613942589000000316e-01,5.012343354823807573e+01
-6.567076742999999883e-01,5.012348456701427324e+01
-6.520210896000000478e-01,5.012353558578571011e+01
-6.473345050000000045e-01,5.012358660456188630e+01
-6.426479202999999529e-01,5.012363762333809092e+01
-6.379613357000000207e-01,5.012368864211428132e+01
-6.332747509999999691e-01,5.012373966088568977e+01
-6.285881664000000368e-01,5.012379067966188018e+01
-6.239015816999999853e-01,5.012384169843809190e+01
-6.192149971000000530e-01,5.012389271721427519e+01
-6.145284124000000014e-01,5.012394373598570496e+01
-6.098418277999999582e-01,5.012399475476190247e+01
-6.051552431000000176e-01,5.012404577353807156e+01
-6.004686584999999743e-01,5.012409679231427617e+01
-5.957820738000000338e-01,5.013036845741427783e+01
-5.910954891999999905e-01,5.013664012251426527e+01
-5.864089045000000500e-01,5.014291178761428114e+01
-5.817223199000000067e-01,5.014918345271428279e+01
-5.770357351999999551e-01,5.016167576413808149e+01
-5.723491506000000228e-01,5.017416807556664082e+01
-5.676625658999999713e-01,5.018666038699046794e+01
-5.629759813000000390e-01,5.019915269841427374e+01
-5.582893965999999875e-01,5.021164500983807955e+01
-5.536028120000000552e-01,5.022413732126666730e+01
-5.489162273000000036e-01,5.023662963269047310e+01
-5.442296425999999521e-01,5.025534259043807594e+01
-5.395430580000000198e-01,5.027405554818570010e+01
-5.348564732999999682e-01,5.029276850593807069e+01
-5.301698887000000360e-01,5.031148146369046970e+01
-5.254833039999999844e-01,5.033019442143807254e+01
-5.207967194000000521e-01,5.034890737918569670e+01
-5.161101347000000006e-01,5.036762033693332796e+01
-5.114235500999999573e-01,5.039255394100950980e+01
-5.067369654000000168e-01,5.041748754508569164e+01
-5.020503807999999735e-01,5.044242114915714126e+01
-4.973637960999999774e-01,5.046113410690475831e+01
-4.926772114999999896e-01,5.048606528151427852e+01
-4.879906267999999936e-01,5.051721467298568768e+01
-4.833040422000000058e-01,5.054836406445235752e+01
-4.786174575000000098e-01,5.057329280959523032e+01
-4.739308729000000220e-01,5.059822155473332117e+01
-4.692442882000000259e-01,5.062315029988094039e+01
-4.645577035999999826e-01,5.065429969135237798e+01
-4.598711188999999866e-01,5.068544908281904071e+01
-4.551845342999999988e-01,5.071659847428570345e+01
-4.504979496000000028e-01,5.074152721943332267e+01
-4.504979496000000028e-01,5.076023531825236290e+01
-4.504979496000000028e-01,5.077894341707141734e+01
-4.458113650000000150e-01,5.079765151589047179e+01
-4.411247803000000189e-01,5.081635961470475138e+01
-4.364381956999999757e-01,5.083506771352379161e+01
-4.317516109999999796e-01,5.085377581233808542e+01
-4.270650263999999918e-01,5.087248391116189339e+01
-4.223784416999999958e-01,5.088497136365712237e+01
-4.176918571000000080e-01,5.089745881614761203e+01
-4.130052724000000119e-01,5.090994626864284101e+01
-4.083186878000000242e-01,5.092243372113808419e+01
-4.036321030999999726e-01,5.092870295677617776e+01
-3.989455184999999848e-01,5.092875397554760752e+01
-3.942589337999999888e-01,5.092880499432380503e+01
-3.895723492000000010e-01,5.092885601309522769e+01
-3.848857645000000050e-01,5.092890703187617163e+01
-3.801991798000000089e-01,5.092895805064759429e+01
-3.755125952000000211e-01,5.092278842309522702e+01
-3.708260105000000251e-01,5.091661879554759906e+01
-3.661394258999999818e-01,5.091044916799999243e+01
-3.614528411999999857e-01,5.091050018677142219e+01
-3.567662565999999980e-01,5.091055120554759839e+01
-3.520796719000000019e-01,5.091060222432380300e+01
-3.473930873000000141e-01,5.091065324309522566e+01
-3.427065026000000181e-01,5.090448361554760481e+01
-3.380199179999999748e-01,5.089831398799999107e+01
-3.333333332999999787e-01,5.089214436045713086e+01
-3.286467486999999910e-01,5.088597473290474937e+01
-3.239601639999999949e-01,5.087980510534762146e+01
-3.192735794000000071e-01,5.087363547779999351e+01
-3.145869947000000111e-01,5.086746585025236556e+01
-3.099004101000000233e-01,5.086129622269999828e+01
-3.052138254000000273e-01,5.085512659514760259e+01
-3.005272407999999840e-01,5.084895696760000305e+01
-2.958406560999999879e-01,5.083656669372380321e+01
-2.911540715000000001e-01,5.082417641985236401e+01
-2.864674868000000041e-01,5.081178614597618548e+01
-2.817809022000000163e-01,5.079939587210475338e+01
-2.770943175000000203e-01,5.078700559822855354e+01
-2.724077328999999770e-01,5.077461532435237501e+01
-2.677211481999999809e-01,5.076222505047618228e+01
-2.630345635999999931e-01,5.074983477660474307e+01
-2.583479788999999971e-01,5.073744450272381101e+01
-2.536613943000000093e-01,5.072505422884760407e+01
-2.489748096000000133e-01,5.071266395497616486e+01
-2.442882249999999977e-01,5.070649432742856533e+01
-2.396016403000000017e-01,5.070032469987616963e+01
-2.349150556999999861e-01,5.068793442599523047e+01
-2.302284709999999901e-01,5.067554415211903773e+01
-2.255418864000000023e-01,5.066315387824760563e+01
-2.208553017000000063e-01,5.064454295804760875e+01
-2.161687170000000102e-01,5.062593203784284412e+01
-2.114821323999999947e-01,5.060732111763807950e+01
-2.067955476999999986e-01,5.058248955111427847e+01
-2.021089631000000109e-01,5.055765798458570259e+01
-1.974223783999999871e-01,5.053904706438569150e+01
-1.927357937999999993e-01,5.052043614418570883e+01
-1.880492091000000032e-01,5.050804587030950898e+01
-1.833626244999999877e-01,5.049565559643332335e+01
-1.786760397999999916e-01,5.048948596888570250e+01
-1.739894552000000039e-01,5.048331634133332102e+01
-1.693028705000000078e-01,5.048336493064284980e+01
-1.646162858999999923e-01,5.048341351994760373e+01
-1.599297011999999962e-01,5.048346210925713962e+01
-1.552431166000000085e-01,5.048973134489045833e+01
-1.505565319000000124e-01,5.049600058052379836e+01
-1.458699472999999969e-01,5.050849046248094254e+01
-1.411833626000000008e-01,5.052098034444284735e+01
-1.364967780000000130e-01,5.054591151905712820e+01
-1.318101932999999892e-01,5.057084269367142326e+01
-1.271236087000000015e-01,5.059577386828095058e+01
-1.271236087000000015e-01,5.063314390607617810e+01
-1.224370240000000054e-01,5.067051394387140562e+01
-1.177504394000000038e-01,5.071410462799523344e+01
-1.130638546999999938e-01,5.076391595843809057e+01
-1.083772701000000060e-01,5.081994793520951248e+01
-1.036906853999999961e-01,5.087597991198093439e+01
-9.900410079999999446e-02,5.093823010560950593e+01
-9.431751609999999841e-02,5.099425965291428042e+01
-8.963093149999999676e-02,5.105028920021904071e+01
-8.494434680000000071e-02,5.110009810119522200e+01
-8.494434680000000071e-02,5.114990700217617103e+01
-8.025776219999999905e-02,5.119971833261904948e+01
-7.557117750000000300e-02,5.124952966306666013e+01
-7.088459290000000135e-02,5.129934099351903853e+01
-6.619800820000000530e-02,5.134293167763809151e+01
-6.151142359999999670e-02,5.138652236175713739e+01
-6.151142359999999670e-02,5.142389239955237201e+01
-5.682483890000000065e-02,5.146748308367141078e+01
-5.213825419999999766e-02,5.150485312146665251e+01
-4.745166960000000295e-02,5.154222315925713360e+01
-4.276508489999999996e-02,5.157959319705236112e+01
-3.807850029999999830e-02,5.160452437166190265e+01
-3.339191560000000225e-02,5.162945554627142286e+01
-2.870533100000000060e-02,5.164816607455712472e+01
-2.401874630000000108e-02,5.166687660284283368e+01
-1.933216169999999942e-02,5.167936648480475270e+01
-1.464557699999999990e-02,5.169185636676189688e+01
-9.958992399999999981e-03,5.169812803186189143e+01
-5.272407699999999593e-03,5.170439969696190019e+01
-5.858230999999999985e-04,5.171067136205713410e+01
4.100761599999999847e-03,5.171694302715712865e+01
8.787346200000000634e-03,5.172321469225713031e+01
1.347393090000000015e-02,5.172948635735713907e+01
1.816051549999999834e-02,5.173575802245236588e+01
2.284710020000000133e-02,5.174202968755236753e+01
2.753368479999999952e-02,5.174830135264760855e+01
3.222026950000000250e-02,5.175457301774759600e+01
3.690685409999999722e-02,5.176084468284761897e+01
4.159343880000000021e-02,5.176089570162380227e+01
4.628002340000000187e-02,5.176094672039522493e+01
5.096660809999999792e-02,5.176099773917141533e+01
5.565319269999999957e-02,5.175482811162380870e+01
6.033977740000000256e-02,5.175487913039522425e+01
6.502636200000000422e-02,5.174870707338093467e+01
6.971294670000000027e-02,5.173631437004285516e+01
7.439953130000000192e-02,5.171769859090951371e+01
7.908611599999999797e-02,5.169286216545236812e+01
8.377270059999999963e-02,5.166180266420474965e+01
8.845928529999999568e-02,5.162452008716189766e+01
9.314586989999999733e-02,5.158723751012379921e+01
9.783245459999999338e-02,5.154373185729999562e+01
1.025190393000000033e-01,5.149400312867618368e+01
1.072056239000000050e-01,5.143805375373332112e+01
1.072056239000000050e-01,5.136966065667617443e+01
1.118922086000000010e-01,5.129504691329523069e+01
1.118922086000000010e-01,5.121421009411903924e+01
1.165787932000000027e-01,5.113337327495236906e+01
1.165787932000000027e-01,5.105253645577617760e+01
1.165787932000000027e-01,5.097169963659998615e+01
1.212653778999999987e-01,5.089086281742380180e+01
1.212653778999999987e-01,5.081002599824761035e+01
1.212653778999999987e-01,5.072918917907141179e+01
1.259519624999999865e-01,5.065457300621902448e+01
1.259519624999999865e-01,5.057995683337141202e+01
1.306385472000000103e-01,5.051156373630951180e+01
1.306385472000000103e-01,5.044939128557141572e+01
1.353251317999999981e-01,5.039344191062856027e+01
1.400117164999999941e-01,5.034371318200951606e+01
1.446983011000000097e-01,5.030020752918094473e+01
1.493848858000000057e-01,5.026292495214759981e+01
1.540714703999999935e-01,5.022564237510950136e+01
1.587580550999999895e-01,5.019458287386189710e+01
1.634446397000000051e-01,5.016974644840950504e+01
1.681312244000000011e-01,5.015113066927617069e+01
1.728178089999999889e-01,5.013873796593333054e+01
1.775043937000000127e-01,5.013256590891902675e+01
1.821909783000000005e-01,5.013261692769046363e+01
1.868775629999999965e-01,5.013266794646190050e+01
1.915641476000000121e-01,5.013271896523807669e+01
1.962507323000000081e-01,5.013276998401426710e+01
2.009373168999999959e-01,5.013282100278571107e+01
2.056239015999999920e-01,5.013287202156188727e+01
2.103104862000000075e-01,5.013292304033807056e+01
2.149970709000000035e-01,5.013297405911428228e+01
2.196836554999999913e-01,5.013302507788569784e+01
2.243702401999999874e-01,5.013307609666188824e+01
2.290568248000000029e-01,5.013312711543809286e+01
2.337434094999999989e-01,5.013317813421426905e+01
2.384299940999999867e-01,5.013322915298569171e+01
2.431165788000000105e-01,5.013328017176190343e+01
2.478031633999999983e-01,5.013333119053807962e+01
2.524897481000000221e-01,5.013338220931427003e+01
2.571763327000000099e-01,5.013343322808571401e+01
2.618629174000000059e-01,5.013348424686189020e+01
2.665495021000000020e-01,5.013353526563807350e+01
2.712360866999999898e-01,5.013358628441427811e+01
2.759226713999999858e-01,5.013363730318570077e+01
2.806092559999999736e-01,5.013368832196188407e+01
2.852958407000000252e-01,5.013373934073809579e+01
2.899824253000000129e-01,5.013379035951427198e+01
2.946690100000000090e-01,5.013384137828569465e+01
2.993555945999999968e-01,5.013389239706189926e+01
3.040421792999999928e-01,5.013394341583807545e+01
3.087287638999999806e-01,5.013399443461426586e+01
3.134153485999999766e-01,5.013404545338570983e+01
3.181019332000000199e-01,5.013409647216189313e+01
3.227885179000000160e-01,5.013414749093807643e+01
3.274751025000000038e-01,5.013419850971428104e+01
3.321616871999999998e-01,5.013424952848570371e+01
3.368482717999999876e-01,5.013430054726188700e+01
3.415348564999999836e-01,5.013435156603809872e+01
3.462214411000000269e-01,5.013440258481427492e+01
3.509080258000000230e-01,5.013445360358569758e+01
3.555946104000000108e-01,5.013450462236189509e+01
3.602811951000000068e-01,5.013455564113807839e+01
3.649677796999999946e-01,5.013460665991426879e+01
3.696543643999999906e-01,5.013465767868570566e+01
3.743409489999999784e-01,5.013470869746189607e+01
3.790275336999999745e-01,5.013475971623807936e+01
3.837141183000000177e-01,5.013481073501427687e+01
3.884007030000000138e-01,5.013486175378570664e+01
3.930872876000000016e-01,5.013491277256188283e+01
3.977738722999999976e-01,5.013496379133810166e+01
4.024604568999999854e-01,5.013501481011427785e+01
4.071470415999999815e-01,5.013506582888570051e+01
4.118336262000000247e-01,5.013511684766189802e+01
4.165202109000000208e-01,5.013516786643808132e+01
4.212067955000000086e-01,5.012899823888569983e+01
4.258933802000000046e-01,5.012282861133332545e+01
4.305799649000000007e-01,5.011665898378570461e+01
4.352665494999999884e-01,5.011048935623808376e+01
4.399531341999999845e-01,5.010431972868571648e+01
4.446397187999999723e-01,5.009815010113332079e+01
4.493263035000000238e-01,5.009198047358569283e+01
4.540128881000000116e-01,5.008581084603809330e+01
4.586994728000000077e-01,5.007964121848569761e+01
4.633860573999999954e-01,5.007347159093330902e+01
4.680726420999999915e-01,5.006730196338570948e+01
4.727592266999999793e-01,5.006113233583807443e+01
4.774458113999999753e-01,5.005496270828570715e+01
4.821323960000000186e-01,5.004879308073332567e+01
4.868189807000000147e-01,5.004262345318569061e+01
4.915055653000000024e-01,5.003645382563809108e+01
4.961921499999999985e-01,5.003028419808570959e+01
5.008787345999999863e-01,5.002411457053330679e+01
5.055653193000000378e-01,5.001794494298571436e+01
5.102519038999999701e-01,5.001177531543808641e+01
5.149384886000000217e-01,5.000560568788570492e+01
5.196250730999999456e-01,5.000565670666189533e+01
5.243116579000000055e-01,5.000570772543808573e+01
5.289982425000000488e-01,5.000575874421426903e+01
5.336848271999999893e-01,4.999958668719524013e+01
5.383714118000000326e-01,4.998719155439046347e+01
5.430579964999999731e-01,4.996857334579522103e+01
5.477445811000000164e-01,4.994373206140475929e+01
5.524311656999999487e-01,4.991266770122379626e+01
5.571177504000000003e-01,4.987538269472379682e+01
5.618043351000000518e-01,4.983187461242857097e+01
5.664909196999999841e-01,4.978214345434284382e+01
5.711775044000000356e-01,4.972618922046665091e+01
5.758640889999999679e-01,4.966401191079999222e+01
5.758640889999999679e-01,4.959561395480476165e+01
5.758640889999999679e-01,4.952099292302379752e+01
5.758640889999999679e-01,4.944014881544761408e+01
5.758640889999999679e-01,4.935308163208570420e+01
5.758640889999999679e-01,4.925979137293332144e+01
5.805506737000000195e-01,4.916028046745238100e+01
5.805506737000000195e-01,4.905454648618094637e+01
5.805506737000000195e-01,4.894258942912379950e+01
5.805506737000000195e-01,4.882440929627141202e+01
5.805506737000000195e-01,4.870000608762855165e+01
5.852372582000000545e-01,4.856938223266190136e+01
5.852372582000000545e-01,4.843875837769522974e+01
5.852372582000000545e-01,4.830813452272855102e+01
5.852372582000000545e-01,4.817751066776188651e+01
5.852372582000000545e-01,4.804688681279523621e+01
5.899238430000000033e-01,4.791626538729522622e+01
5.899238430000000033e-01,4.778564153232380107e+01
5.899238430000000033e-01,4.765501767735713656e+01
5.899238430000000033e-01,4.752439382239047205e+01
5.899238430000000033e-01,4.739377239689046917e+01
5.946104277000000549e-01,4.726315340085712080e+01
5.946104277000000549e-01,4.713253197536189987e+01
5.946104277000000549e-01,4.700813362564284859e+01
5.946104277000000549e-01,4.689617899804760981e+01
5.946104277000000549e-01,4.679044744624284391e+01
5.992970122999999871e-01,4.669715718709045404e+01
5.992970122999999871e-01,4.661008757426189675e+01
5.992970122999999871e-01,4.653546168354761647e+01
5.992970122999999871e-01,4.646705886862380197e+01
6.039835970000000387e-01,4.641109977581903934e+01
6.086701815999999710e-01,4.636136375880475669e+01
6.086701815999999710e-01,4.632406903443808233e+01
6.133567663000000225e-01,4.629299738586665569e+01
6.180433507999999465e-01,4.627436702994285156e+01
6.227299356000000063e-01,4.626195974980951320e+01
6.227299356000000063e-01,4.626199619179522671e+01
6.274165202000000496e-01,4.626825328009998373e+01
6.321031048999999902e-01,4.628695409051904619e+01
6.367896895000000335e-01,4.631187797673332796e+01
6.414762741999999740e-01,4.634924558506188674e+01
6.461628588000000173e-01,4.639905448603808225e+01
6.508494433999999496e-01,4.645508403334285674e+01
6.555360281000000011e-01,4.652355730276190116e+01
6.555360281000000011e-01,4.659203057219046684e+01
6.602226128000000527e-01,4.666050384161427189e+01
6.649091973999999849e-01,4.672897711103808405e+01
6.695957821000000365e-01,4.679123216359523241e+01
6.742823666999999688e-01,4.685348721615713430e+01
6.789689514000000203e-01,4.690952162239523204e+01
6.836555359000000553e-01,4.696555602863332268e+01
6.883421207000000042e-01,4.701536978853808080e+01
6.930287053000000475e-01,4.706518354844760665e+01
6.977152899999999880e-01,4.710877666203332126e+01
7.024018746000000313e-01,4.715236977561904297e+01
7.070884592999999718e-01,4.718352402601904316e+01
7.117750439000000151e-01,4.721467827641903625e+01
7.164616284999999474e-01,4.723961188049045745e+01
7.211482131999999989e-01,4.726454548456665350e+01
7.258347979000000505e-01,4.728325844232380604e+01
7.305213824999999828e-01,4.730197140007617662e+01
7.352079672000000343e-01,4.731446371150000374e+01
7.398945517999999666e-01,4.732073537659999118e+01
7.445811365000000182e-01,4.732700704169998573e+01
7.492677210000000532e-01,4.732705806047619035e+01
7.539543058000000020e-01,4.732710907924284527e+01
7.586408905000000535e-01,4.731471880536665253e+01
7.633274750999999858e-01,4.730232853149047401e+01
7.680140598000000374e-01,4.728993825761427416e+01
7.727006443999999696e-01,4.727754798373807432e+01
7.773872291000000212e-01,4.725893706353809876e+01
7.820738135999999452e-01,4.724032614333331992e+01
7.867603984000000050e-01,4.722171522313809078e+01
7.914469830000000483e-01,4.720310430293808679e+01
7.961335676999999889e-01,4.718449338273808280e+01
8.008201523000000321e-01,4.716588246253333239e+01
8.055067369999999727e-01,4.715349218865713254e+01
8.101933216000000160e-01,4.714110191478094691e+01
8.148799061999999482e-01,4.712871164090951481e+01
8.195664908999999998e-01,4.711632136703332208e+01
8.242530756000000514e-01,4.710393109315714355e+01
8.289396601999999836e-01,4.709154081928094371e+01
8.336262449000000352e-01,4.707915054540951871e+01
8.383128294999999675e-01,4.706676027153332598e+01
8.429994142000000190e-01,4.705436999765712613e+01
8.476859987000000540e-01,4.704197972378095471e+01
8.523725835000000028e-01,4.702958944991427614e+01
8.570591681000000461e-01,4.702341982236188755e+01
8.617457527999999867e-01,4.701725019480950607e+01
8.664323374000000300e-01,4.701108056726189943e+01
8.711189220999999705e-01,4.700491093971427148e+01
8.758055067000000138e-01,4.700496195848569414e+01
8.804920912999999461e-01,4.700501297726189875e+01
8.851786759999999976e-01,4.700506399603807495e+01
8.898652607000000492e-01,4.700511501481427956e+01
8.945518452999999814e-01,4.700516603358570933e+01
8.992384300000000330e-01,4.700521705236189263e+01
9.039250145999999653e-01,4.700526807113807592e+01
9.086115993000000168e-01,4.700531908991428054e+01
9.132981838000000518e-01,4.700537010868570320e+01
9.179847686000000007e-01,4.700542112746188650e+01
9.226713533000000522e-01,4.700547214623809111e+01
9.273579378999999845e-01,4.700552316501426731e+01
9.320445226000000361e-01,4.700557418378569707e+01
9.367311071999999683e-01,4.700562520256190169e+01
9.414176919000000199e-01,4.700567622133807788e+01
9.461042764000000549e-01,4.700572724011428249e+01
9.507908612000000037e-01,4.700577825888570516e+01
9.554774458000000470e-01,4.700582927766189556e+01
9.601640304999999875e-01,4.699965965011426761e+01
9.648506151000000308e-01,4.699349002256190033e+01
9.695371997999999714e-01,4.698732039500951174e+01
9.742237844000000146e-01,4.698115076746189800e+01
9.789103689999999469e-01,4.696876049358571237e+01
9.835969536999999985e-01,4.695637021970950542e+01
9.882835384000000500e-01,4.694397994583331979e+01
9.929701229999999823e-01,4.692536659616666128e+01
9.976567077000000339e-01,4.690053017070950858e+01
1.002343292299999966e+00,4.686947066946190432e+01
1.007029876999999907e+00,4.683841116820951811e+01
1.011716461600000061e+00,4.680113102063808839e+01
1.016403046300000002e+00,4.676385087306665866e+01
1.021089630899999934e+00,4.672035007916664995e+01
1.025776215600000096e+00,4.667684928526666255e+01
1.030462800200000029e+00,4.663956913769046508e+01
1.035149384899999969e+00,4.660228899011903536e+01
1.035149384899999969e+00,4.656500884254760564e+01
1.035149384899999969e+00,4.653394934129999427e+01
1.035149384899999969e+00,4.650288984005236870e+01
1.039835969499999901e+00,4.647183033880475733e+01
1.044522554200000064e+00,4.644699148388094301e+01
1.049209138799999996e+00,4.642837327528570768e+01
1.053895723499999937e+00,4.640975506669046524e+01
1.058582308100000091e+00,4.639113685809046927e+01
1.063268892800000032e+00,4.637873929581903809e+01
1.067955477399999964e+00,4.637256237987141105e+01
1.072642062099999904e+00,4.636638546392380533e+01
1.077328646700000059e+00,4.636643162377142602e+01
1.082015231399999999e+00,4.637891907626665500e+01
1.086701816099999940e+00,4.639762960455236396e+01
1.091388400700000094e+00,4.641634013283808713e+01
1.096074985400000035e+00,4.644127130744761445e+01
1.100761569999999967e+00,4.647242312837617817e+01
1.105448154699999908e+00,4.650979559563808152e+01
1.110134739300000062e+00,4.654716806289998488e+01
1.114821324000000002e+00,4.657831988383809119e+01
1.119507908599999935e+00,4.661569235109522680e+01
1.124194493300000097e+00,4.665306481835236241e+01
1.124194493300000097e+00,4.668421663928570098e+01
1.128881077900000030e+00,4.671536846022380018e+01
1.133567662599999970e+00,4.674652028115713165e+01
1.138254247199999902e+00,4.677767210209047022e+01
1.142940831900000065e+00,4.680260327669999043e+01
1.147627416499999997e+00,4.682753445130951775e+01
1.152314001199999938e+00,4.685246562591903086e+01
1.157000585800000092e+00,4.687739680052855817e+01
1.161687170500000033e+00,4.689610732881428135e+01
1.166373755099999965e+00,4.691481785709999031e+01
1.171060339799999905e+00,4.693352838538093863e+01
1.175746924400000060e+00,4.694602069680476575e+01
1.180433509100000000e+00,4.695851300822856444e+01
1.185120093699999932e+00,4.697100531965713088e+01
1.189806678400000095e+00,4.698349763108094379e+01
1.194493263000000027e+00,4.698976929618571319e+01
1.199179847699999968e+00,4.699604096128569353e+01
1.203866432299999900e+00,4.700853327270952775e+01
1.208553017000000063e+00,4.702102558413808708e+01
1.213239601599999995e+00,4.702729724923808163e+01
1.217926186299999936e+00,4.703356891433809039e+01
1.222612770900000090e+00,4.703984057943809205e+01
1.227299355600000030e+00,4.704611224453807949e+01
1.231985940199999963e+00,4.705860455596666725e+01
1.236672524899999903e+00,4.707109686739522658e+01
1.241359109500000057e+00,4.708358917881903238e+01
1.246045694199999998e+00,4.709608149024283108e+01
1.250732278899999939e+00,4.710857380167142594e+01
1.255418863500000093e+00,4.712106611309523174e+01
1.260105448200000033e+00,4.713355842451903044e+01
1.264792032799999966e+00,4.714605073593808982e+01
1.269478617499999906e+00,4.715854304736667046e+01
1.274165202100000061e+00,4.717103535879046916e+01
1.278851786800000001e+00,4.718352767021426786e+01
1.283538371399999933e+00,4.719601998163808076e+01
1.288224956100000096e+00,4.720851229306666141e+01
1.292911540700000028e+00,4.722100460449046722e+01
1.297598125399999969e+00,4.723349691591426591e+01
1.302284709999999901e+00,4.723976858101428178e+01
1.306971294700000064e+00,4.724604024611427633e+01
1.311657879299999996e+00,4.725231191121427088e+01
1.316344463999999936e+00,4.725858357630951900e+01
1.321031048600000091e+00,4.726485524140951355e+01
1.325717633300000031e+00,4.727112690650951521e+01
1.330404217899999963e+00,4.727117792528094498e+01
1.335090802599999904e+00,4.727122894405237474e+01
1.339777387200000058e+00,4.727127996282855094e+01
1.344463971899999999e+00,4.727133098160475555e+01
1.349150556499999931e+00,4.727760264670475010e+01
1.353837141200000094e+00,4.728387431180474465e+01
1.358523725800000026e+00,4.729014597690475341e+01
1.363210310499999967e+00,4.729641764200951570e+01
1.367896895099999899e+00,4.730268930710950315e+01
1.372583479800000061e+00,4.730896097220950480e+01
1.377270064399999994e+00,4.731523263730952067e+01
1.381956649099999934e+00,4.732150430240950811e+01
1.386643233700000089e+00,4.733399661383332813e+01
1.391329818400000029e+00,4.734648892526190167e+01
1.396016402999999961e+00,4.735898123668570747e+01
1.400702987699999902e+00,4.737147354810950617e+01
1.405389572300000056e+00,4.738396585952857265e+01
1.410076156999999997e+00,4.739645817095713909e+01
1.414762741699999937e+00,4.741517112871427031e+01
1.419449326300000092e+00,4.743388408646665511e+01
1.424135911000000032e+00,4.745259704421427926e+01
1.428822495599999964e+00,4.747753064829046821e+01
1.433509080299999905e+00,4.750246425236665715e+01
1.438195664900000059e+00,4.752739785644284609e+01
1.442882249600000000e+00,4.755854967737142402e+01
1.447568834199999932e+00,4.758348085198094424e+01
1.452255418900000095e+00,4.761463267291902923e+01
1.456942003500000027e+00,4.764578449385713554e+01
1.461628588199999967e+00,4.767693631479047411e+01
1.466315172799999900e+00,4.771430878204760972e+01
1.471001757500000062e+00,4.775168124930951308e+01
1.475688342099999995e+00,4.778905371657143064e+01
1.480374926799999935e+00,4.783264683015713814e+01
1.485061511400000089e+00,4.787001929741903439e+01
1.485061511400000089e+00,4.790739176467617000e+01
1.489748096100000030e+00,4.795098487826189881e+01
1.494434680699999962e+00,4.799457799184760631e+01
1.499121265399999903e+00,4.803817110543332092e+01
1.503807849900000049e+00,4.808798486534284677e+01
1.508494434699999998e+00,4.813157797892856138e+01
1.513181019299999930e+00,4.817517109250951535e+01
1.517867604000000092e+00,4.821876420609046932e+01
1.522554188600000025e+00,4.825613667335237267e+01
1.527240773299999965e+00,4.829350914061426892e+01
1.531927357899999897e+00,4.833088160787142584e+01
1.536613942500000052e+00,4.836203585827617957e+01
1.541300527199999992e+00,4.839319010867617976e+01
1.545987111899999933e+00,4.841812371275236870e+01
1.550673696500000087e+00,4.844305731682379701e+01
1.555360281200000028e+00,4.846799092089999306e+01
1.560046865799999960e+00,4.848670387865237785e+01
1.564733450499999901e+00,4.850541683640474133e+01
1.569420035100000055e+00,4.852412979414761196e+01
1.574106619799999995e+00,4.853662210557142487e+01
1.578793204499999936e+00,4.854911441699522356e+01
1.583479789100000090e+00,4.856160672842381132e+01
1.588166373800000031e+00,4.856787839352379876e+01
1.592852958399999963e+00,4.857415005862379331e+01
1.597539543099999904e+00,4.858042172372856982e+01
1.602226127600000050e+00,4.858669338882856437e+01
1.606912712399999998e+00,4.859296505392855181e+01
1.611599296999999931e+00,4.859923671902855347e+01
1.616285881700000093e+00,4.860550838413332286e+01
1.620972466300000026e+00,4.861178004923331741e+01
1.625659050999999966e+00,4.861805171433333328e+01
1.630345635599999898e+00,4.862432337943332783e+01
1.635032220200000053e+00,4.863059504453331527e+01
1.639718804899999993e+00,4.863686670962854919e+01
1.644405389599999934e+00,4.864313837472856505e+01
1.649091974200000088e+00,4.864941003982855960e+01
1.653778558900000029e+00,4.864946105860474290e+01
1.658465143499999961e+00,4.864951207738094752e+01
1.663151728199999901e+00,4.864956309614761665e+01
1.667838312700000047e+00,4.864961411492855348e+01
1.672524897499999996e+00,4.864966513370474388e+01
1.677211482099999929e+00,4.864971615248094849e+01
1.681898066800000091e+00,4.864976717125237116e+01
1.686584651400000023e+00,4.864981819002856867e+01
1.691271236099999964e+00,4.864986920880475907e+01
1.695957820699999896e+00,4.864992022758093526e+01
1.700644405300000050e+00,4.864375060002856799e+01
1.705330989999999991e+00,4.863758097247141876e+01
1.710017574699999932e+00,4.863141134492379081e+01
1.714704159300000086e+00,4.862524171737617706e+01
1.719390744000000026e+00,4.862529273615236747e+01
1.724077328599999959e+00,4.862534375492379013e+01
1.728763913299999899e+00,4.863161542002380600e+01
1.733450497900000054e+00,4.864410773144760469e+01
1.738137082599999994e+00,4.865660004287140339e+01
1.742823667299999935e+00,4.867531300061904176e+01
1.747510251900000089e+00,4.869402595837141234e+01
1.752196836600000029e+00,4.871895956244760839e+01
1.756883421199999962e+00,4.875011381284761569e+01
1.761570005899999902e+00,4.878126806325237652e+01
1.766256590400000048e+00,4.881864295998094150e+01
1.770943175199999997e+00,4.885601785669999231e+01
1.775629759799999929e+00,4.889961097028569270e+01
1.780316344500000092e+00,4.894320408387141441e+01
1.785002929100000024e+00,4.899301784378094737e+01
1.789689513799999965e+00,4.904283160369047323e+01
1.794376098399999897e+00,4.909264536359999198e+01
1.799062683000000051e+00,4.914867976983332909e+01
1.803749267699999992e+00,4.920471417607618037e+01
1.808435852399999932e+00,4.926074858230475684e+01
1.813122437000000087e+00,4.931056234221427559e+01
1.817809021700000027e+00,4.934793238000951732e+01
1.817809021700000027e+00,4.938530241780474483e+01
1.822495606299999960e+00,4.941023116295237116e+01
1.827182190999999900e+00,4.942271618598094562e+01
1.831868775600000054e+00,4.942898056269046947e+01
1.836555360299999995e+00,4.942280364674284954e+01
1.841241944899999927e+00,4.941662673079046897e+01
1.845928529600000090e+00,4.941044981484284904e+01
1.850615114200000022e+00,4.939805225257142496e+01
1.855301698899999963e+00,4.939187533662856566e+01
1.855301698899999963e+00,4.938569842068093863e+01
1.859988283499999895e+00,4.938574215106665832e+01
1.864674868100000049e+00,4.938578588144284254e+01
1.864674868100000049e+00,4.939204782868094412e+01
1.869361452799999990e+00,4.939830734645713051e+01
1.874048037499999930e+00,4.941078508109046652e+01
1.878734622100000085e+00,4.942948346204760668e+01
1.883421206800000025e+00,4.944196119668570333e+01
1.888107791399999957e+00,4.945443893131427160e+01
1.892794376099999898e+00,4.946691666595238246e+01
1.897480960700000052e+00,4.948561504690951551e+01
1.902167545399999993e+00,4.951053650365712855e+01
1.902167545399999993e+00,4.953545796040475580e+01
1.902167545399999993e+00,4.956660006347617298e+01
1.902167545399999993e+00,4.960396524234285209e+01
1.902167545399999993e+00,4.964755106753332115e+01
1.906854130099999933e+00,4.969735753904760855e+01
1.911540714700000088e+00,4.974716401056665660e+01
1.916227299400000028e+00,4.979697048208094401e+01
1.920913883999999960e+00,4.984677695359522431e+01
1.925600468699999901e+00,4.989036277878093983e+01
1.930287053300000055e+00,4.992772795764285831e+01
1.934973637999999996e+00,4.995887249018093712e+01
1.939660222599999928e+00,4.998379880586188762e+01
1.944346807300000091e+00,5.000250690468094916e+01
1.949033391900000023e+00,5.001499678663808623e+01
1.953719976599999963e+00,5.002126845173809500e+01
1.958406561199999896e+00,5.002131947051429250e+01
1.963093145800000050e+00,5.002137048928570096e+01
1.967779730499999991e+00,5.002142150806188425e+01
1.972466315199999931e+00,5.002147252683808887e+01
1.977152899800000085e+00,5.002152354561427217e+01
1.981839484500000026e+00,5.002157456438570193e+01
1.986526069099999958e+00,5.002162558316189944e+01
1.991212653799999899e+00,5.002167660193808274e+01
1.995899238400000053e+00,5.002172762071426604e+01
2.000585823100000216e+00,5.002177863948571002e+01
2.005272407700000148e+00,5.002182965826189331e+01
2.009958992400000088e+00,5.002188067703808372e+01
2.014645577000000021e+00,5.002193169581428123e+01
2.019332161699999961e+00,5.002198271458570389e+01
2.024018746299999894e+00,5.002203373336188719e+01
2.028705330999999834e+00,5.002208475213809180e+01
2.033391915600000210e+00,5.002213577091427510e+01
2.038078500300000151e+00,5.002218678968570487e+01
2.042765084900000083e+00,5.002223780846189527e+01
2.047451669600000024e+00,5.002228882723808567e+01
2.052138254199999956e+00,5.002233984601426897e+01
2.056824838899999897e+00,5.002239086478571295e+01
2.061511423599999837e+00,5.002244188356189625e+01
2.066198008200000213e+00,5.002249290233807244e+01
2.070884592900000154e+00,5.002254392111428416e+01
2.075571177500000086e+00,5.002259493988570682e+01
2.080257762200000027e+00,5.002264595866188301e+01
2.084944346799999959e+00,5.002891762376189888e+01
2.089630931499999900e+00,5.003518928886189343e+01
2.094317516099999832e+00,5.004146095396188798e+01
2.099004100800000217e+00,5.004773261906190385e+01
2.103690685400000149e+00,5.005400428416189840e+01
2.108377270100000089e+00,5.006027594926188584e+01
2.113063854700000022e+00,5.006654761436189460e+01
2.117750439399999962e+00,5.007281927946189626e+01
2.122437023999999894e+00,5.007909094456189081e+01
2.127123608699999835e+00,5.008536260966188536e+01
2.131810193300000211e+00,5.009163427476189412e+01
2.136496778000000152e+00,5.009790593986189577e+01
2.141183362600000084e+00,5.010417760496189032e+01
2.145869947300000025e+00,5.011044927006189909e+01
2.150556531899999957e+00,5.011672093516189364e+01
2.155243116599999897e+00,5.012299260026188108e+01
2.159929701199999830e+00,5.012926426536191116e+01
2.164616285900000214e+00,5.013553593046189860e+01
2.169302870500000147e+00,5.014180759556188605e+01
2.173989455200000087e+00,5.014807926066190191e+01
2.178676039800000019e+00,5.015435092576190357e+01
2.183362624499999960e+00,5.015440194453807976e+01
2.188049209099999892e+00,5.015445296331428437e+01
2.192735793799999833e+00,5.015450398208571414e+01
2.197422378400000209e+00,5.015455500086189033e+01
2.202108963100000150e+00,5.015460601963809495e+01
2.206795547700000082e+00,5.016087525527142787e+01
2.211482132400000022e+00,5.017336513722379721e+01
2.216168716999999955e+00,5.019207323604283744e+01
2.220855301699999895e+00,5.021699955172380214e+01
2.225541886399999836e+00,5.024814408426188805e+01
2.230228471000000212e+00,5.028550926312379943e+01
2.234915055700000153e+00,5.032909508831428269e+01
2.239601640300000085e+00,5.037268091350475174e+01
2.244288225000000025e+00,5.041626673869046726e+01
2.248974809599999958e+00,5.045985256387618278e+01
2.248974809599999958e+00,5.050343838906665184e+01
2.253661394299999898e+00,5.054702421425714221e+01
2.253661394299999898e+00,5.059061003944285773e+01
2.253661394299999898e+00,5.063419586462856614e+01
2.253661394299999898e+00,5.067778168981903519e+01
2.258347978899999831e+00,5.072136751500951846e+01
2.263034563600000215e+00,5.076495334019521977e+01
2.267721148200000147e+00,5.080853916538094239e+01
2.272407732900000088e+00,5.085212499057141855e+01
2.277094317500000020e+00,5.089571081576189471e+01
2.281780902199999961e+00,5.093929664094759602e+01
2.286467486799999893e+00,5.097666424927619033e+01
2.291154071499999834e+00,5.100781121128570561e+01
2.295840656100000210e+00,5.103273995643331773e+01
2.300527240800000151e+00,5.105145048471427316e+01
2.305213825400000083e+00,5.106394279613808607e+01
2.309900410100000023e+00,5.107021446123808062e+01
2.314586994699999956e+00,5.107026548001427813e+01
2.319273579399999896e+00,5.107031649878570789e+01
2.323960163999999828e+00,5.107036751756188409e+01
2.328646748700000213e+00,5.106419789001428455e+01
2.333333333300000145e+00,5.105802826246189596e+01
2.338019918000000086e+00,5.105185863490950027e+01
2.342706502600000018e+00,5.104568900736188652e+01
2.347393087299999959e+00,5.103951937981427989e+01
2.352079671899999891e+00,5.103957039859046318e+01
2.356766256599999831e+00,5.103962141736190006e+01
2.361452841200000208e+00,5.103967243613808336e+01
2.366139425900000148e+00,5.103972345491426665e+01
2.370826010500000081e+00,5.103977447369047127e+01
2.375512595200000021e+00,5.103982549246189393e+01
2.380199179799999953e+00,5.103987651123807723e+01
2.384885764499999894e+00,5.103992753001427474e+01
2.389572349199999834e+00,5.103997854879046514e+01
2.394258933800000211e+00,5.104002956756188780e+01
2.398945518500000151e+00,5.104008058633809242e+01
2.403632103100000084e+00,5.104013160511427571e+01
2.408318687800000024e+00,5.104018262389045901e+01
2.413005272399999956e+00,5.104023364266190299e+01
2.417691857099999897e+00,5.104028466143808629e+01
2.422378441699999829e+00,5.104033568021426959e+01
2.427065026400000214e+00,5.105282799163809671e+01
2.431751611000000146e+00,5.106532030306666314e+01
2.436438195700000087e+00,5.107781261449046184e+01
2.441124780300000019e+00,5.109030492591427475e+01
2.445811364999999959e+00,5.110279723733809476e+01
2.450497949599999892e+00,5.110906890243808220e+01
2.455184534299999832e+00,5.112156121386665575e+01
2.459871118900000209e+00,5.113405352529046866e+01
2.464557703600000149e+00,5.114654583671427446e+01
2.469244288200000081e+00,5.115903814813808026e+01
2.473930872900000022e+00,5.117153045956666801e+01
2.478617457499999954e+00,5.119024341731904570e+01
2.483304042199999895e+00,5.120895637506664855e+01
2.487990626799999827e+00,5.122766933281427271e+01
2.492677211500000212e+00,5.124638229056665040e+01
2.497363796100000144e+00,5.126509524831904230e+01
2.502050380800000084e+00,5.129002885239521703e+01
2.506736965400000017e+00,5.131496245646665955e+01
2.511423550099999957e+00,5.133989606054284849e+01
2.516110134699999890e+00,5.137104788147617995e+01
2.520796719399999830e+00,5.140219970240951142e+01
2.525483304000000206e+00,5.142091023069524169e+01
2.530169888700000147e+00,5.143962075897142228e+01
2.534856473300000079e+00,5.145210821146665836e+01
2.539543058000000020e+00,5.146459566396189445e+01
2.544229642599999952e+00,5.147086247012855154e+01
2.548916227299999893e+00,5.147712927629523705e+01
2.553602811999999833e+00,5.147095478981427163e+01
2.558289396600000210e+00,5.146478030333331333e+01
2.558289396600000210e+00,5.145238517052856508e+01
2.562975981300000150e+00,5.143376939139522364e+01
2.567662565900000082e+00,5.140893053647140931e+01
2.572349150600000023e+00,5.137165038889523316e+01
2.572349150600000023e+00,5.132814959499998508e+01
2.577035735199999955e+00,5.127842572531427123e+01
2.581722319899999896e+00,5.122248120929998549e+01
2.586408904499999828e+00,5.116031361749522688e+01
2.591095489200000213e+00,5.108570473303809223e+01
2.595782073800000145e+00,5.100487520226189986e+01
2.600468658500000085e+00,5.091782259569046687e+01
2.605155243100000018e+00,5.082455177225713783e+01
2.605155243100000018e+00,5.072505787303808233e+01
2.609841827799999958e+00,5.062556397381428042e+01
2.614528412399999890e+00,5.051984699880949847e+01
2.614528412399999890e+00,5.041413245326666015e+01
2.619214997099999831e+00,5.030219726139522862e+01
2.619214997099999831e+00,5.019648271585236898e+01
2.623901581700000207e+00,5.009076817030950934e+01
2.628588166400000148e+00,4.999127427108570032e+01
2.628588166400000148e+00,4.989178037186665193e+01
2.633274751000000080e+00,4.979850711897141480e+01
2.633274751000000080e+00,4.971145451240474955e+01
2.637961335700000021e+00,4.963062498162378944e+01
2.637961335700000021e+00,4.955601609717140832e+01
2.642647920299999953e+00,4.948762785904285266e+01
2.647334504999999893e+00,4.942546269670474857e+01
2.652021089599999826e+00,4.936951818068570219e+01
2.656707674300000210e+00,4.931979674046191064e+01
2.661394258900000143e+00,4.927629594656666256e+01
2.666080843600000083e+00,4.923901579899522574e+01
2.670767428200000015e+00,4.920795872721427600e+01
2.675454012899999956e+00,4.917690165543809400e+01
2.680140597399999880e+00,4.915206765944760292e+01
2.684827182199999829e+00,4.913345430978570505e+01
2.689513766800000205e+00,4.912106403590951942e+01
2.694200351500000146e+00,4.911489440835713083e+01
2.698886936100000078e+00,4.911494542713333544e+01
2.703573520800000018e+00,4.911499644590952585e+01
2.708260105399999951e+00,4.911504746468093430e+01
2.712946690099999891e+00,4.911509848345712470e+01
2.717633274799999832e+00,4.911514950223332932e+01
2.722319859400000208e+00,4.911520052100951261e+01
2.727006444100000149e+00,4.911525153978094238e+01
2.731693028700000081e+00,4.911530255855713989e+01
2.736379613400000022e+00,4.911535357733331608e+01
2.741066197999999954e+00,4.911540459610951359e+01
2.745752782699999894e+00,4.911545561488095046e+01
2.750439367299999827e+00,4.911550663366188729e+01
2.755125952000000211e+00,4.911555765243809901e+01
2.759812536600000143e+00,4.911560867120952878e+01
2.764499121300000084e+00,4.911565968998093723e+01
2.769185705900000016e+00,4.911571070875712763e+01
2.773872290599999957e+00,4.911576172753333225e+01
2.778558875199999889e+00,4.911581274630474780e+01
2.783245459899999830e+00,4.911586376507618468e+01
2.787932044500000206e+00,4.910969413752857804e+01
2.792618629200000147e+00,4.910352450997618234e+01
2.797305213800000079e+00,4.909113423609998250e+01
2.801991798500000019e+00,4.907874396222380398e+01
2.806678383099999952e+00,4.906013304201903935e+01
2.811364967799999892e+00,4.904152212181902826e+01
2.816051552399999824e+00,4.901669055529047370e+01
2.820738137100000209e+00,4.899185898875713718e+01
2.825424721700000141e+00,4.896702742223333615e+01
2.830111306400000082e+00,4.893597520938094902e+01
2.834797891000000014e+00,4.890492299652855479e+01
2.839484475699999955e+00,4.886765013735237773e+01
2.844171060199999879e+00,4.883037727817617224e+01
2.848857644999999827e+00,4.879310441899999518e+01
2.853544229600000204e+00,4.874961091349521780e+01
2.858230814300000144e+00,4.869989676167142534e+01
2.862917398900000077e+00,4.865018260984760445e+01
2.867603983600000017e+00,4.859424538222857137e+01
2.872290568199999949e+00,4.853830815460950987e+01
2.876977152899999890e+00,4.847614785120475744e+01
2.881663737599999831e+00,4.841398754779999081e+01
2.886350322200000207e+00,4.835182724439047064e+01
2.891036906900000147e+00,4.828966694098569690e+01
2.895723491500000080e+00,4.822750663757618383e+01
2.900410076200000020e+00,4.815912568784284531e+01
2.905096660799999952e+00,4.809696538444284641e+01
2.909783245499999893e+00,4.802858443470951499e+01
2.909783245499999893e+00,4.796642413130474836e+01
2.914469830099999825e+00,4.790426382789998883e+01
2.914469830099999825e+00,4.783588287816665741e+01
2.919156414800000210e+00,4.777372257476189077e+01
2.923842999400000142e+00,4.770534162502855935e+01
2.928529584100000083e+00,4.764318132161903208e+01
2.933216168700000015e+00,4.757479794242381388e+01
2.937902753399999956e+00,4.750641456322379952e+01
2.942589337899999880e+00,4.743803118402856001e+01
2.947275922699999828e+00,4.737586845115713174e+01
2.951962507300000205e+00,4.731370571828094285e+01
2.956649092000000145e+00,4.725154541487617621e+01
2.961335676600000077e+00,4.718882081289890351e+01
2.966022261300000018e+00,4.712609621092163081e+01
2.970708845899999950e+00,4.706337160894435812e+01
2.975395430599999891e+00,4.700064700696708542e+01
2.975395430599999891e+00,4.693792240498981272e+01
2.980082015199999823e+00,4.687519780301254002e+01
2.984768599900000208e+00,4.681247320103526732e+01
2.989455184500000140e+00,4.674974859905799462e+01
2.994141769200000081e+00,4.668702399708072193e+01
2.998828353800000013e+00,4.662429939510344923e+01
