-0.000000000000000000e+00 0.000000000000000000e+00 0.000000000000000000e+00
-2.000000000000000111e-01 0.000000000000000000e+00 2.601571999999999912e-03
-4.000000000000000222e-01 0.000000000000000000e+00 1.041158000000000014e-02
-6.000000000000000888e-01 0.000000000000000000e+00 2.344593000000000024e-02
-8.000000000000000444e-01 0.000000000000000000e+00 4.166422999999999655e-02
-1.000000000000000000e+00 0.000000000000000000e+00 6.523134999999999351e-02
-1.200000000000000178e+00 0.000000000000000000e+00 9.417968000000000173e-02
-1.400000000000000133e+00 0.000000000000000000e+00 1.286007000000000122e-01
-1.600000000000000089e+00 0.000000000000000000e+00 1.685120999999999980e-01
-1.800000000000000044e+00 0.000000000000000000e+00 2.139272999999999869e-01
-2.000000000000000000e+00 0.000000000000000000e+00 2.648913999999999991e-01
-2.200000000000000178e+00 0.000000000000000000e+00 3.215727999999999920e-01
-2.400000000000000355e+00 0.000000000000000000e+00 3.841559999999999975e-01
-2.600000000000000089e+00 0.000000000000000000e+00 4.527530000000000165e-01
-2.800000000000000266e+00 0.000000000000000000e+00 5.274917000000000078e-01
-3.000000000000000000e+00 0.000000000000000000e+00 6.083532000000000384e-01
