0.000000000000000000e+00 0.000000000000000000e+00 0.000000000000000000e+00
2.000000000000000111e-01 0.000000000000000000e+00 2.601803000000000188e-03
4.000000000000000222e-01 0.000000000000000000e+00 1.041249999999999988e-02
6.000000000000000888e-01 0.000000000000000000e+00 2.344801999999999997e-02
8.000000000000000444e-01 0.000000000000000000e+00 4.156904000000000154e-02
1.000000000000000000e+00 0.000000000000000000e+00 6.509542000000000106e-02
1.200000000000000178e+00 0.000000000000000000e+00 9.393556000000000128e-02
1.400000000000000133e+00 0.000000000000000000e+00 1.281275000000000053e-01
1.600000000000000089e+00 0.000000000000000000e+00 1.677964999999999873e-01
1.800000000000000044e+00 0.000000000000000000e+00 2.130254000000000036e-01
2.000000000000000000e+00 0.000000000000000000e+00 2.638279000000000041e-01
2.200000000000000178e+00 0.000000000000000000e+00 3.202832999999999930e-01
2.400000000000000355e+00 0.000000000000000000e+00 3.824712000000000112e-01
2.600000000000000089e+00 0.000000000000000000e+00 4.505294000000000243e-01
2.800000000000000266e+00 0.000000000000000000e+00 5.246366999999999559e-01
3.000000000000000000e+00 0.000000000000000000e+00 6.048656000000000033e-01
