0.000000000000000000e+00 0.000000000000000000e+00 0.000000000000000000e+00
0.000000000000000000e+00 1.999962054697453917e-01 2.692833999999999853e-03
0.000000000000000000e+00 3.999924109394907834e-01 1.077720000000000067e-02
0.000000000000000000e+00 5.999886164092361751e-01 2.427075999999999886e-02
0.000000000000000000e+00 7.999848218789815668e-01 4.325637999999999705e-02
0.000000000000000000e+00 9.999810273487268475e-01 6.765685999999999922e-02
0.000000000000000000e+00 1.199977232818472350e+00 9.754487000000000574e-02
0.000000000000000000e+00 1.399973438288217631e+00 1.329565000000000052e-01
0.000000000000000000e+00 1.599969643757963134e+00 1.739553000000000071e-01
0.000000000000000000e+00 1.799965849227708414e+00 2.205644999999999967e-01
0.000000000000000000e+00 1.999962054697453695e+00 2.728270999999999891e-01
0.000000000000000000e+00 2.199958260167199420e+00 3.309104999999999963e-01
0.000000000000000000e+00 2.399954465636944700e+00 3.950629999999999975e-01
0.000000000000000000e+00 2.599950671106689981e+00 4.654913999999999996e-01
0.000000000000000000e+00 2.799946876576435262e+00 5.423122000000000220e-01
0.000000000000000000e+00 2.999943082046180542e+00 6.253851999999999745e-01
0.000000000000000000e+00 3.199939287515926267e+00 7.146907999999999594e-01
0.000000000000000000e+00 3.399935492985671548e+00 8.104744999999999866e-01
0.000000000000000000e+00 3.599931698455416829e+00 9.125704000000000038e-01
0.000000000000000000e+00 3.799927903925162109e+00 1.021446000000000076e+00
0.000000000000000000e+00 3.999924109394907390e+00 1.136282999999999932e+00
0.000000000000000000e+00 4.199920314864653115e+00 1.259212999999999916e+00
0.000000000000000000e+00 4.399916520334398840e+00 1.389796999999999949e+00
0.000000000000000000e+00 4.599912725804143676e+00 1.526062000000000030e+00
0.000000000000000000e+00 4.799908931273889401e+00 1.646571000000000007e+00
0.000000000000000000e+00 4.999905136743634237e+00 1.780771000000000104e+00
0.000000000000000000e+00 5.199901342213379962e+00 1.918908000000000058e+00
0.000000000000000000e+00 5.399897547683125687e+00 2.055699000000000165e+00
0.000000000000000000e+00 5.599893753152870524e+00 2.195505999999999958e+00
0.000000000000000000e+00 5.799889958622616248e+00 nan
0.000000000000000000e+00 5.999886164092361085e+00 nan
